01012000
02012000
03012000
04012000
05012000
06012000
07012000
08012000
09012000
10012000
11012000
12012000
13012000
14012000
15012000
16012000
17012000
18012000
19012000
20012000
21012000
22012000
23012000
24012000
25012000
26012000
27012000
28012000
29012000
30012000
31012000
01022000
02022000
03022000
04022000
05022000
06022000
07022000
08022000
09022000
10022000
11022000
12022000
13022000
14022000
15022000
16022000
17022000
18022000
19022000
20022000
21022000
22022000
23022000
24022000
25022000
26022000
27022000
28022000
29022000
30022000
31022000
01032000
02032000
03032000
04032000
05032000
06032000
07032000
08032000
09032000
10032000
11032000
12032000
13032000
14032000
15032000
16032000
17032000
18032000
19032000
20032000
21032000
22032000
23032000
24032000
25032000
26032000
27032000
28032000
29032000
30032000
31032000
01042000
02042000
03042000
04042000
05042000
06042000
07042000
08042000
09042000
10042000
11042000
12042000
13042000
14042000
15042000
16042000
17042000
18042000
19042000
20042000
21042000
22042000
23042000
24042000
25042000
26042000
27042000
28042000
29042000
30042000
31042000
01052000
02052000
03052000
04052000
05052000
06052000
07052000
08052000
09052000
10052000
11052000
12052000
13052000
14052000
15052000
16052000
17052000
18052000
19052000
20052000
21052000
22052000
23052000
24052000
25052000
26052000
27052000
28052000
29052000
30052000
31052000
01062000
02062000
03062000
04062000
05062000
06062000
07062000
08062000
09062000
10062000
11062000
12062000
13062000
14062000
15062000
16062000
17062000
18062000
19062000
20062000
21062000
22062000
23062000
24062000
25062000
26062000
27062000
28062000
29062000
30062000
31062000
01072000
02072000
03072000
04072000
05072000
06072000
07072000
08072000
09072000
10072000
11072000
12072000
13072000
14072000
15072000
16072000
17072000
18072000
19072000
20072000
21072000
22072000
23072000
24072000
25072000
26072000
27072000
28072000
29072000
30072000
31072000
01082000
02082000
03082000
04082000
05082000
06082000
07082000
08082000
09082000
10082000
11082000
12082000
13082000
14082000
15082000
16082000
17082000
18082000
19082000
20082000
21082000
22082000
23082000
24082000
25082000
26082000
27082000
28082000
29082000
30082000
31082000
01092000
02092000
03092000
04092000
05092000
06092000
07092000
08092000
09092000
10092000
11092000
12092000
13092000
14092000
15092000
16092000
17092000
18092000
19092000
20092000
21092000
22092000
23092000
24092000
25092000
26092000
27092000
28092000
29092000
30092000
31092000
01102000
02102000
03102000
04102000
05102000
06102000
07102000
08102000
09102000
10102000
11102000
12102000
13102000
14102000
15102000
16102000
17102000
18102000
19102000
20102000
21102000
22102000
23102000
24102000
25102000
26102000
27102000
28102000
29102000
30102000
31102000
01112000
02112000
03112000
04112000
05112000
06112000
07112000
08112000
09112000
10112000
11112000
12112000
13112000
14112000
15112000
16112000
17112000
18112000
19112000
20112000
21112000
22112000
23112000
24112000
25112000
26112000
27112000
28112000
29112000
30112000
31112000
01122000
02122000
03122000
04122000
05122000
06122000
07122000
08122000
09122000
10122000
11122000
12122000
13122000
14122000
15122000
16122000
17122000
18122000
19122000
20122000
21122000
22122000
23122000
24122000
25122000
26122000
27122000
28122000
29122000
30122000
31122000
01012001
02012001
03012001
04012001
05012001
06012001
07012001
08012001
09012001
10012001
11012001
12012001
13012001
14012001
15012001
16012001
17012001
18012001
19012001
20012001
21012001
22012001
23012001
24012001
25012001
26012001
27012001
28012001
29012001
30012001
31012001
01022001
02022001
03022001
04022001
05022001
06022001
07022001
08022001
09022001
10022001
11022001
12022001
13022001
14022001
15022001
16022001
17022001
18022001
19022001
20022001
21022001
22022001
23022001
24022001
25022001
26022001
27022001
28022001
29022001
30022001
31022001
01032001
02032001
03032001
04032001
05032001
06032001
07032001
08032001
09032001
10032001
11032001
12032001
13032001
14032001
15032001
16032001
17032001
18032001
19032001
20032001
21032001
22032001
23032001
24032001
25032001
26032001
27032001
28032001
29032001
30032001
31032001
01042001
02042001
03042001
04042001
05042001
06042001
07042001
08042001
09042001
10042001
11042001
12042001
13042001
14042001
15042001
16042001
17042001
18042001
19042001
20042001
21042001
22042001
23042001
24042001
25042001
26042001
27042001
28042001
29042001
30042001
31042001
01052001
02052001
03052001
04052001
05052001
06052001
07052001
08052001
09052001
10052001
11052001
12052001
13052001
14052001
15052001
16052001
17052001
18052001
19052001
20052001
21052001
22052001
23052001
24052001
25052001
26052001
27052001
28052001
29052001
30052001
31052001
01062001
02062001
03062001
04062001
05062001
06062001
07062001
08062001
09062001
10062001
11062001
12062001
13062001
14062001
15062001
16062001
17062001
18062001
19062001
20062001
21062001
22062001
23062001
24062001
25062001
26062001
27062001
28062001
29062001
30062001
31062001
01072001
02072001
03072001
04072001
05072001
06072001
07072001
08072001
09072001
10072001
11072001
12072001
13072001
14072001
15072001
16072001
17072001
18072001
19072001
20072001
21072001
22072001
23072001
24072001
25072001
26072001
27072001
28072001
29072001
30072001
31072001
01082001
02082001
03082001
04082001
05082001
06082001
07082001
08082001
09082001
10082001
11082001
12082001
13082001
14082001
15082001
16082001
17082001
18082001
19082001
20082001
21082001
22082001
23082001
24082001
25082001
26082001
27082001
28082001
29082001
30082001
31082001
01092001
02092001
03092001
04092001
05092001
06092001
07092001
08092001
09092001
10092001
11092001
12092001
13092001
14092001
15092001
16092001
17092001
18092001
19092001
20092001
21092001
22092001
23092001
24092001
25092001
26092001
27092001
28092001
29092001
30092001
31092001
01102001
02102001
03102001
04102001
05102001
06102001
07102001
08102001
09102001
10102001
11102001
12102001
13102001
14102001
15102001
16102001
17102001
18102001
19102001
20102001
21102001
22102001
23102001
24102001
25102001
26102001
27102001
28102001
29102001
30102001
31102001
01112001
02112001
03112001
04112001
05112001
06112001
07112001
08112001
09112001
10112001
11112001
12112001
13112001
14112001
15112001
16112001
17112001
18112001
19112001
20112001
21112001
22112001
23112001
24112001
25112001
26112001
27112001
28112001
29112001
30112001
31112001
01122001
02122001
03122001
04122001
05122001
06122001
07122001
08122001
09122001
10122001
11122001
12122001
13122001
14122001
15122001
16122001
17122001
18122001
19122001
20122001
21122001
22122001
23122001
24122001
25122001
26122001
27122001
28122001
29122001
30122001
31122001