01012000
02012000
03012000
04012000
05012000
06012000
07012000
08012000
09012000
10012000
11012000
12012000
13012000
14012000
15012000
16012000
17012000
18012000
19012000
20012000
21012000
22012000
23012000
24012000
25012000
26012000
27012000
28012000
29012000
30012000
31012000
01022000
02022000
03022000
04022000
05022000
06022000
07022000
08022000
09022000
10022000
11022000
12022000
13022000
14022000
15022000
16022000
17022000
18022000
19022000
20022000
21022000
22022000
23022000
24022000
25022000
26022000
27022000
28022000
29022000
30022000
31022000
01032000
02032000
03032000
04032000
05032000
06032000
07032000
08032000
09032000
10032000
11032000
12032000
13032000
14032000
15032000
16032000
17032000
18032000
19032000
20032000
21032000
22032000
23032000
24032000
25032000
26032000
27032000
28032000
29032000
30032000
31032000
01042000
02042000
03042000
04042000
05042000
06042000
07042000
08042000
09042000
10042000
11042000
12042000
13042000
14042000
15042000
16042000
17042000
18042000
19042000
20042000
21042000
22042000
23042000
24042000
25042000
26042000
27042000
28042000
29042000
30042000
31042000
01052000
02052000
03052000
04052000
05052000
06052000
07052000
08052000
09052000
10052000
11052000
12052000
13052000
14052000
15052000
16052000
17052000
18052000
19052000
20052000
21052000
22052000
23052000
24052000
25052000
26052000
27052000
28052000
29052000
30052000
31052000
01062000
02062000
03062000
04062000
05062000
06062000
07062000
08062000
09062000
10062000
11062000
12062000
13062000
14062000
15062000
16062000
17062000
18062000
19062000
20062000
21062000
22062000
23062000
24062000
25062000
26062000
27062000
28062000
29062000
30062000
31062000
01072000
02072000
03072000
04072000
05072000
06072000
07072000
08072000
09072000
10072000
11072000
12072000
13072000
14072000
15072000
16072000
17072000
18072000
19072000
20072000
21072000
22072000
23072000
24072000
25072000
26072000
27072000
28072000
29072000
30072000
31072000
01082000
02082000
03082000
04082000
05082000
06082000
07082000
08082000
09082000
10082000
11082000
12082000
13082000
14082000
15082000
16082000
17082000
18082000
19082000
20082000
21082000
22082000
23082000
24082000
25082000
26082000
27082000
28082000
29082000
30082000
31082000
01092000
02092000
03092000
04092000
05092000
06092000
07092000
08092000
09092000
10092000
11092000
12092000
13092000
14092000
15092000
16092000
17092000
18092000
19092000
20092000
21092000
22092000
23092000
24092000
25092000
26092000
27092000
28092000
29092000
30092000
31092000
01102000
02102000
03102000
04102000
05102000
06102000
07102000
08102000
09102000
10102000
11102000
12102000
13102000
14102000
15102000
16102000
17102000
18102000
19102000
20102000
21102000
22102000
23102000
24102000
25102000
26102000
27102000
28102000
29102000
30102000
31102000
01112000
02112000
03112000
04112000
05112000
06112000
07112000
08112000
09112000
10112000
11112000
12112000
13112000
14112000
15112000
16112000
17112000
18112000
19112000
20112000
21112000
22112000
23112000
24112000
25112000
26112000
27112000
28112000
29112000
30112000
31112000
01122000
02122000
03122000
04122000
05122000
06122000
07122000
08122000
09122000
10122000
11122000
12122000
13122000
14122000
15122000
16122000
17122000
18122000
19122000
20122000
21122000
22122000
23122000
24122000
25122000
26122000
27122000
28122000
29122000
30122000
31122000