01012000
02012000
03012000
04012000
05012000
06012000
07012000
08012000
09012000
10012000
11012000
12012000
13012000
14012000
15012000
16012000
17012000
18012000
19012000
20012000
21012000
22012000
23012000
24012000
25012000
26012000
27012000
28012000
29012000
30012000
31012000
01022000
02022000
03022000
04022000
05022000
06022000
07022000
08022000
09022000
10022000
11022000
12022000
13022000
14022000
15022000
16022000
17022000
18022000
19022000
20022000
21022000
22022000
23022000
24022000
25022000
26022000
27022000
28022000
29022000
30022000
31022000
01032000
02032000
03032000
04032000
05032000
06032000
07032000
08032000
09032000
10032000
11032000
12032000
13032000
14032000
15032000
16032000
17032000
18032000
19032000
20032000
21032000
22032000
23032000
24032000
25032000
26032000
27032000
28032000
29032000
30032000
31032000
01042000
02042000
03042000
04042000
05042000
06042000
07042000
08042000
09042000
10042000
11042000
12042000
13042000
14042000
15042000
16042000
17042000
18042000
19042000
20042000
21042000
22042000
23042000
24042000
25042000
26042000
27042000
28042000
29042000
30042000
31042000
01052000
02052000
03052000
04052000
05052000
06052000
07052000
08052000
09052000
10052000
11052000
12052000
13052000
14052000
15052000
16052000
17052000
18052000
19052000
20052000
21052000
22052000
23052000
24052000
25052000
26052000
27052000
28052000
29052000
30052000
31052000
01062000
02062000
03062000
04062000
05062000
06062000
07062000
08062000
09062000
10062000
11062000
12062000
13062000
14062000
15062000
16062000
17062000
18062000
19062000
20062000
21062000
22062000
23062000
24062000
25062000
26062000
27062000
28062000
29062000
30062000
31062000
01072000
02072000
03072000
04072000
05072000
06072000
07072000
08072000
09072000
10072000
11072000
12072000
13072000
14072000
15072000
16072000
17072000
18072000
19072000
20072000
21072000
22072000
23072000
24072000
25072000
26072000
27072000
28072000
29072000
30072000
31072000
01082000
02082000
03082000
04082000
05082000
06082000
07082000
08082000
09082000
10082000
11082000
12082000
13082000
14082000
15082000
16082000
17082000
18082000
19082000
20082000
21082000
22082000
23082000
24082000
25082000
26082000
27082000
28082000
29082000
30082000
31082000
01092000
02092000
03092000
04092000
05092000
06092000
07092000
08092000
09092000
10092000
11092000
12092000
13092000
14092000
15092000
16092000
17092000
18092000
19092000
20092000
21092000
22092000
23092000
24092000
25092000
26092000
27092000
28092000
29092000
30092000
31092000
01102000
02102000
03102000
04102000
05102000
06102000
07102000
08102000
09102000
10102000
11102000
12102000
13102000
14102000
15102000
16102000
17102000
18102000
19102000
20102000
21102000
22102000
23102000
24102000
25102000
26102000
27102000
28102000
29102000
30102000
31102000
01112000
02112000
03112000
04112000
05112000
06112000
07112000
08112000
09112000
10112000
11112000
12112000
13112000
14112000
15112000
16112000
17112000
18112000
19112000
20112000
21112000
22112000
23112000
24112000
25112000
26112000
27112000
28112000
29112000
30112000
31112000
01122000
02122000
03122000
04122000
05122000
06122000
07122000
08122000
09122000
10122000
11122000
12122000
13122000
14122000
15122000
16122000
17122000
18122000
19122000
20122000
21122000
22122000
23122000
24122000
25122000
26122000
27122000
28122000
29122000
30122000
31122000
01012001
02012001
03012001
04012001
05012001
06012001
07012001
08012001
09012001
10012001
11012001
12012001
13012001
14012001
15012001
16012001
17012001
18012001
19012001
20012001
21012001
22012001
23012001
24012001
25012001
26012001
27012001
28012001
29012001
30012001
31012001
01022001
02022001
03022001
04022001
05022001
06022001
07022001
08022001
09022001
10022001
11022001
12022001
13022001
14022001
15022001
16022001
17022001
18022001
19022001
20022001
21022001
22022001
23022001
24022001
25022001
26022001
27022001
28022001
29022001
30022001
31022001
01032001
02032001
03032001
04032001
05032001
06032001
07032001
08032001
09032001
10032001
11032001
12032001
13032001
14032001
15032001
16032001
17032001
18032001
19032001
20032001
21032001
22032001
23032001
24032001
25032001
26032001
27032001
28032001
29032001
30032001
31032001
01042001
02042001
03042001
04042001
05042001
06042001
07042001
08042001
09042001
10042001
11042001
12042001
13042001
14042001
15042001
16042001
17042001
18042001
19042001
20042001
21042001
22042001
23042001
24042001
25042001
26042001
27042001
28042001
29042001
30042001
31042001
01052001
02052001
03052001
04052001
05052001
06052001
07052001
08052001
09052001
10052001
11052001
12052001
13052001
14052001
15052001
16052001
17052001
18052001
19052001
20052001
21052001
22052001
23052001
24052001
25052001
26052001
27052001
28052001
29052001
30052001
31052001
01062001
02062001
03062001
04062001
05062001
06062001
07062001
08062001
09062001
10062001
11062001
12062001
13062001
14062001
15062001
16062001
17062001
18062001
19062001
20062001
21062001
22062001
23062001
24062001
25062001
26062001
27062001
28062001
29062001
30062001
31062001
01072001
02072001
03072001
04072001
05072001
06072001
07072001
08072001
09072001
10072001
11072001
12072001
13072001
14072001
15072001
16072001
17072001
18072001
19072001
20072001
21072001
22072001
23072001
24072001
25072001
26072001
27072001
28072001
29072001
30072001
31072001
01082001
02082001
03082001
04082001
05082001
06082001
07082001
08082001
09082001
10082001
11082001
12082001
13082001
14082001
15082001
16082001
17082001
18082001
19082001
20082001
21082001
22082001
23082001
24082001
25082001
26082001
27082001
28082001
29082001
30082001
31082001
01092001
02092001
03092001
04092001
05092001
06092001
07092001
08092001
09092001
10092001
11092001
12092001
13092001
14092001
15092001
16092001
17092001
18092001
19092001
20092001
21092001
22092001
23092001
24092001
25092001
26092001
27092001
28092001
29092001
30092001
31092001
01102001
02102001
03102001
04102001
05102001
06102001
07102001
08102001
09102001
10102001
11102001
12102001
13102001
14102001
15102001
16102001
17102001
18102001
19102001
20102001
21102001
22102001
23102001
24102001
25102001
26102001
27102001
28102001
29102001
30102001
31102001
01112001
02112001
03112001
04112001
05112001
06112001
07112001
08112001
09112001
10112001
11112001
12112001
13112001
14112001
15112001
16112001
17112001
18112001
19112001
20112001
21112001
22112001
23112001
24112001
25112001
26112001
27112001
28112001
29112001
30112001
31112001
01122001
02122001
03122001
04122001
05122001
06122001
07122001
08122001
09122001
10122001
11122001
12122001
13122001
14122001
15122001
16122001
17122001
18122001
19122001
20122001
21122001
22122001
23122001
24122001
25122001
26122001
27122001
28122001
29122001
30122001
31122001
01012002
02012002
03012002
04012002
05012002
06012002
07012002
08012002
09012002
10012002
11012002
12012002
13012002
14012002
15012002
16012002
17012002
18012002
19012002
20012002
21012002
22012002
23012002
24012002
25012002
26012002
27012002
28012002
29012002
30012002
31012002
01022002
02022002
03022002
04022002
05022002
06022002
07022002
08022002
09022002
10022002
11022002
12022002
13022002
14022002
15022002
16022002
17022002
18022002
19022002
20022002
21022002
22022002
23022002
24022002
25022002
26022002
27022002
28022002
29022002
30022002
31022002
01032002
02032002
03032002
04032002
05032002
06032002
07032002
08032002
09032002
10032002
11032002
12032002
13032002
14032002
15032002
16032002
17032002
18032002
19032002
20032002
21032002
22032002
23032002
24032002
25032002
26032002
27032002
28032002
29032002
30032002
31032002
01042002
02042002
03042002
04042002
05042002
06042002
07042002
08042002
09042002
10042002
11042002
12042002
13042002
14042002
15042002
16042002
17042002
18042002
19042002
20042002
21042002
22042002
23042002
24042002
25042002
26042002
27042002
28042002
29042002
30042002
31042002
01052002
02052002
03052002
04052002
05052002
06052002
07052002
08052002
09052002
10052002
11052002
12052002
13052002
14052002
15052002
16052002
17052002
18052002
19052002
20052002
21052002
22052002
23052002
24052002
25052002
26052002
27052002
28052002
29052002
30052002
31052002
01062002
02062002
03062002
04062002
05062002
06062002
07062002
08062002
09062002
10062002
11062002
12062002
13062002
14062002
15062002
16062002
17062002
18062002
19062002
20062002
21062002
22062002
23062002
24062002
25062002
26062002
27062002
28062002
29062002
30062002
31062002
01072002
02072002
03072002
04072002
05072002
06072002
07072002
08072002
09072002
10072002
11072002
12072002
13072002
14072002
15072002
16072002
17072002
18072002
19072002
20072002
21072002
22072002
23072002
24072002
25072002
26072002
27072002
28072002
29072002
30072002
31072002
01082002
02082002
03082002
04082002
05082002
06082002
07082002
08082002
09082002
10082002
11082002
12082002
13082002
14082002
15082002
16082002
17082002
18082002
19082002
20082002
21082002
22082002
23082002
24082002
25082002
26082002
27082002
28082002
29082002
30082002
31082002
01092002
02092002
03092002
04092002
05092002
06092002
07092002
08092002
09092002
10092002
11092002
12092002
13092002
14092002
15092002
16092002
17092002
18092002
19092002
20092002
21092002
22092002
23092002
24092002
25092002
26092002
27092002
28092002
29092002
30092002
31092002
01102002
02102002
03102002
04102002
05102002
06102002
07102002
08102002
09102002
10102002
11102002
12102002
13102002
14102002
15102002
16102002
17102002
18102002
19102002
20102002
21102002
22102002
23102002
24102002
25102002
26102002
27102002
28102002
29102002
30102002
31102002
01112002
02112002
03112002
04112002
05112002
06112002
07112002
08112002
09112002
10112002
11112002
12112002
13112002
14112002
15112002
16112002
17112002
18112002
19112002
20112002
21112002
22112002
23112002
24112002
25112002
26112002
27112002
28112002
29112002
30112002
31112002
01122002
02122002
03122002
04122002
05122002
06122002
07122002
08122002
09122002
10122002
11122002
12122002
13122002
14122002
15122002
16122002
17122002
18122002
19122002
20122002
21122002
22122002
23122002
24122002
25122002
26122002
27122002
28122002
29122002
30122002
31122002
01012003
02012003
03012003
04012003
05012003
06012003
07012003
08012003
09012003
10012003
11012003
12012003
13012003
14012003
15012003
16012003
17012003
18012003
19012003
20012003
21012003
22012003
23012003
24012003
25012003
26012003
27012003
28012003
29012003
30012003
31012003
01022003
02022003
03022003
04022003
05022003
06022003
07022003
08022003
09022003
10022003
11022003
12022003
13022003
14022003
15022003
16022003
17022003
18022003
19022003
20022003
21022003
22022003
23022003
24022003
25022003
26022003
27022003
28022003
29022003
30022003
31022003
01032003
02032003
03032003
04032003
05032003
06032003
07032003
08032003
09032003
10032003
11032003
12032003
13032003
14032003
15032003
16032003
17032003
18032003
19032003
20032003
21032003
22032003
23032003
24032003
25032003
26032003
27032003
28032003
29032003
30032003
31032003
01042003
02042003
03042003
04042003
05042003
06042003
07042003
08042003
09042003
10042003
11042003
12042003
13042003
14042003
15042003
16042003
17042003
18042003
19042003
20042003
21042003
22042003
23042003
24042003
25042003
26042003
27042003
28042003
29042003
30042003
31042003
01052003
02052003
03052003
04052003
05052003
06052003
07052003
08052003
09052003
10052003
11052003
12052003
13052003
14052003
15052003
16052003
17052003
18052003
19052003
20052003
21052003
22052003
23052003
24052003
25052003
26052003
27052003
28052003
29052003
30052003
31052003
01062003
02062003
03062003
04062003
05062003
06062003
07062003
08062003
09062003
10062003
11062003
12062003
13062003
14062003
15062003
16062003
17062003
18062003
19062003
20062003
21062003
22062003
23062003
24062003
25062003
26062003
27062003
28062003
29062003
30062003
31062003
01072003
02072003
03072003
04072003
05072003
06072003
07072003
08072003
09072003
10072003
11072003
12072003
13072003
14072003
15072003
16072003
17072003
18072003
19072003
20072003
21072003
22072003
23072003
24072003
25072003
26072003
27072003
28072003
29072003
30072003
31072003
01082003
02082003
03082003
04082003
05082003
06082003
07082003
08082003
09082003
10082003
11082003
12082003
13082003
14082003
15082003
16082003
17082003
18082003
19082003
20082003
21082003
22082003
23082003
24082003
25082003
26082003
27082003
28082003
29082003
30082003
31082003
01092003
02092003
03092003
04092003
05092003
06092003
07092003
08092003
09092003
10092003
11092003
12092003
13092003
14092003
15092003
16092003
17092003
18092003
19092003
20092003
21092003
22092003
23092003
24092003
25092003
26092003
27092003
28092003
29092003
30092003
31092003
01102003
02102003
03102003
04102003
05102003
06102003
07102003
08102003
09102003
10102003
11102003
12102003
13102003
14102003
15102003
16102003
17102003
18102003
19102003
20102003
21102003
22102003
23102003
24102003
25102003
26102003
27102003
28102003
29102003
30102003
31102003
01112003
02112003
03112003
04112003
05112003
06112003
07112003
08112003
09112003
10112003
11112003
12112003
13112003
14112003
15112003
16112003
17112003
18112003
19112003
20112003
21112003
22112003
23112003
24112003
25112003
26112003
27112003
28112003
29112003
30112003
31112003
01122003
02122003
03122003
04122003
05122003
06122003
07122003
08122003
09122003
10122003
11122003
12122003
13122003
14122003
15122003
16122003
17122003
18122003
19122003
20122003
21122003
22122003
23122003
24122003
25122003
26122003
27122003
28122003
29122003
30122003
31122003
01012004
02012004
03012004
04012004
05012004
06012004
07012004
08012004
09012004
10012004
11012004
12012004
13012004
14012004
15012004
16012004
17012004
18012004
19012004
20012004
21012004
22012004
23012004
24012004
25012004
26012004
27012004
28012004
29012004
30012004
31012004
01022004
02022004
03022004
04022004
05022004
06022004
07022004
08022004
09022004
10022004
11022004
12022004
13022004
14022004
15022004
16022004
17022004
18022004
19022004
20022004
21022004
22022004
23022004
24022004
25022004
26022004
27022004
28022004
29022004
30022004
31022004
01032004
02032004
03032004
04032004
05032004
06032004
07032004
08032004
09032004
10032004
11032004
12032004
13032004
14032004
15032004
16032004
17032004
18032004
19032004
20032004
21032004
22032004
23032004
24032004
25032004
26032004
27032004
28032004
29032004
30032004
31032004
01042004
02042004
03042004
04042004
05042004
06042004
07042004
08042004
09042004
10042004
11042004
12042004
13042004
14042004
15042004
16042004
17042004
18042004
19042004
20042004
21042004
22042004
23042004
24042004
25042004
26042004
27042004
28042004
29042004
30042004
31042004
01052004
02052004
03052004
04052004
05052004
06052004
07052004
08052004
09052004
10052004
11052004
12052004
13052004
14052004
15052004
16052004
17052004
18052004
19052004
20052004
21052004
22052004
23052004
24052004
25052004
26052004
27052004
28052004
29052004
30052004
31052004
01062004
02062004
03062004
04062004
05062004
06062004
07062004
08062004
09062004
10062004
11062004
12062004
13062004
14062004
15062004
16062004
17062004
18062004
19062004
20062004
21062004
22062004
23062004
24062004
25062004
26062004
27062004
28062004
29062004
30062004
31062004
01072004
02072004
03072004
04072004
05072004
06072004
07072004
08072004
09072004
10072004
11072004
12072004
13072004
14072004
15072004
16072004
17072004
18072004
19072004
20072004
21072004
22072004
23072004
24072004
25072004
26072004
27072004
28072004
29072004
30072004
31072004
01082004
02082004
03082004
04082004
05082004
06082004
07082004
08082004
09082004
10082004
11082004
12082004
13082004
14082004
15082004
16082004
17082004
18082004
19082004
20082004
21082004
22082004
23082004
24082004
25082004
26082004
27082004
28082004
29082004
30082004
31082004
01092004
02092004
03092004
04092004
05092004
06092004
07092004
08092004
09092004
10092004
11092004
12092004
13092004
14092004
15092004
16092004
17092004
18092004
19092004
20092004
21092004
22092004
23092004
24092004
25092004
26092004
27092004
28092004
29092004
30092004
31092004
01102004
02102004
03102004
04102004
05102004
06102004
07102004
08102004
09102004
10102004
11102004
12102004
13102004
14102004
15102004
16102004
17102004
18102004
19102004
20102004
21102004
22102004
23102004
24102004
25102004
26102004
27102004
28102004
29102004
30102004
31102004
01112004
02112004
03112004
04112004
05112004
06112004
07112004
08112004
09112004
10112004
11112004
12112004
13112004
14112004
15112004
16112004
17112004
18112004
19112004
20112004
21112004
22112004
23112004
24112004
25112004
26112004
27112004
28112004
29112004
30112004
31112004
01122004
02122004
03122004
04122004
05122004
06122004
07122004
08122004
09122004
10122004
11122004
12122004
13122004
14122004
15122004
16122004
17122004
18122004
19122004
20122004
21122004
22122004
23122004
24122004
25122004
26122004
27122004
28122004
29122004
30122004
31122004
01012005
02012005
03012005
04012005
05012005
06012005
07012005
08012005
09012005
10012005
11012005
12012005
13012005
14012005
15012005
16012005
17012005
18012005
19012005
20012005
21012005
22012005
23012005
24012005
25012005
26012005
27012005
28012005
29012005
30012005
31012005
01022005
02022005
03022005
04022005
05022005
06022005
07022005
08022005
09022005
10022005
11022005
12022005
13022005
14022005
15022005
16022005
17022005
18022005
19022005
20022005
21022005
22022005
23022005
24022005
25022005
26022005
27022005
28022005
29022005
30022005
31022005
01032005
02032005
03032005
04032005
05032005
06032005
07032005
08032005
09032005
10032005
11032005
12032005
13032005
14032005
15032005
16032005
17032005
18032005
19032005
20032005
21032005
22032005
23032005
24032005
25032005
26032005
27032005
28032005
29032005
30032005
31032005
01042005
02042005
03042005
04042005
05042005
06042005
07042005
08042005
09042005
10042005
11042005
12042005
13042005
14042005
15042005
16042005
17042005
18042005
19042005
20042005
21042005
22042005
23042005
24042005
25042005
26042005
27042005
28042005
29042005
30042005
31042005
01052005
02052005
03052005
04052005
05052005
06052005
07052005
08052005
09052005
10052005
11052005
12052005
13052005
14052005
15052005
16052005
17052005
18052005
19052005
20052005
21052005
22052005
23052005
24052005
25052005
26052005
27052005
28052005
29052005
30052005
31052005
01062005
02062005
03062005
04062005
05062005
06062005
07062005
08062005
09062005
10062005
11062005
12062005
13062005
14062005
15062005
16062005
17062005
18062005
19062005
20062005
21062005
22062005
23062005
24062005
25062005
26062005
27062005
28062005
29062005
30062005
31062005
01072005
02072005
03072005
04072005
05072005
06072005
07072005
08072005
09072005
10072005
11072005
12072005
13072005
14072005
15072005
16072005
17072005
18072005
19072005
20072005
21072005
22072005
23072005
24072005
25072005
26072005
27072005
28072005
29072005
30072005
31072005
01082005
02082005
03082005
04082005
05082005
06082005
07082005
08082005
09082005
10082005
11082005
12082005
13082005
14082005
15082005
16082005
17082005
18082005
19082005
20082005
21082005
22082005
23082005
24082005
25082005
26082005
27082005
28082005
29082005
30082005
31082005
01092005
02092005
03092005
04092005
05092005
06092005
07092005
08092005
09092005
10092005
11092005
12092005
13092005
14092005
15092005
16092005
17092005
18092005
19092005
20092005
21092005
22092005
23092005
24092005
25092005
26092005
27092005
28092005
29092005
30092005
31092005
01102005
02102005
03102005
04102005
05102005
06102005
07102005
08102005
09102005
10102005
11102005
12102005
13102005
14102005
15102005
16102005
17102005
18102005
19102005
20102005
21102005
22102005
23102005
24102005
25102005
26102005
27102005
28102005
29102005
30102005
31102005
01112005
02112005
03112005
04112005
05112005
06112005
07112005
08112005
09112005
10112005
11112005
12112005
13112005
14112005
15112005
16112005
17112005
18112005
19112005
20112005
21112005
22112005
23112005
24112005
25112005
26112005
27112005
28112005
29112005
30112005
31112005
01122005
02122005
03122005
04122005
05122005
06122005
07122005
08122005
09122005
10122005
11122005
12122005
13122005
14122005
15122005
16122005
17122005
18122005
19122005
20122005
21122005
22122005
23122005
24122005
25122005
26122005
27122005
28122005
29122005
30122005
31122005
01012006
02012006
03012006
04012006
05012006
06012006
07012006
08012006
09012006
10012006
11012006
12012006
13012006
14012006
15012006
16012006
17012006
18012006
19012006
20012006
21012006
22012006
23012006
24012006
25012006
26012006
27012006
28012006
29012006
30012006
31012006
01022006
02022006
03022006
04022006
05022006
06022006
07022006
08022006
09022006
10022006
11022006
12022006
13022006
14022006
15022006
16022006
17022006
18022006
19022006
20022006
21022006
22022006
23022006
24022006
25022006
26022006
27022006
28022006
29022006
30022006
31022006
01032006
02032006
03032006
04032006
05032006
06032006
07032006
08032006
09032006
10032006
11032006
12032006
13032006
14032006
15032006
16032006
17032006
18032006
19032006
20032006
21032006
22032006
23032006
24032006
25032006
26032006
27032006
28032006
29032006
30032006
31032006
01042006
02042006
03042006
04042006
05042006
06042006
07042006
08042006
09042006
10042006
11042006
12042006
13042006
14042006
15042006
16042006
17042006
18042006
19042006
20042006
21042006
22042006
23042006
24042006
25042006
26042006
27042006
28042006
29042006
30042006
31042006
01052006
02052006
03052006
04052006
05052006
06052006
07052006
08052006
09052006
10052006
11052006
12052006
13052006
14052006
15052006
16052006
17052006
18052006
19052006
20052006
21052006
22052006
23052006
24052006
25052006
26052006
27052006
28052006
29052006
30052006
31052006
01062006
02062006
03062006
04062006
05062006
06062006
07062006
08062006
09062006
10062006
11062006
12062006
13062006
14062006
15062006
16062006
17062006
18062006
19062006
20062006
21062006
22062006
23062006
24062006
25062006
26062006
27062006
28062006
29062006
30062006
31062006
01072006
02072006
03072006
04072006
05072006
06072006
07072006
08072006
09072006
10072006
11072006
12072006
13072006
14072006
15072006
16072006
17072006
18072006
19072006
20072006
21072006
22072006
23072006
24072006
25072006
26072006
27072006
28072006
29072006
30072006
31072006
01082006
02082006
03082006
04082006
05082006
06082006
07082006
08082006
09082006
10082006
11082006
12082006
13082006
14082006
15082006
16082006
17082006
18082006
19082006
20082006
21082006
22082006
23082006
24082006
25082006
26082006
27082006
28082006
29082006
30082006
31082006
01092006
02092006
03092006
04092006
05092006
06092006
07092006
08092006
09092006
10092006
11092006
12092006
13092006
14092006
15092006
16092006
17092006
18092006
19092006
20092006
21092006
22092006
23092006
24092006
25092006
26092006
27092006
28092006
29092006
30092006
31092006
01102006
02102006
03102006
04102006
05102006
06102006
07102006
08102006
09102006
10102006
11102006
12102006
13102006
14102006
15102006
16102006
17102006
18102006
19102006
20102006
21102006
22102006
23102006
24102006
25102006
26102006
27102006
28102006
29102006
30102006
31102006
01112006
02112006
03112006
04112006
05112006
06112006
07112006
08112006
09112006
10112006
11112006
12112006
13112006
14112006
15112006
16112006
17112006
18112006
19112006
20112006
21112006
22112006
23112006
24112006
25112006
26112006
27112006
28112006
29112006
30112006
31112006
01122006
02122006
03122006
04122006
05122006
06122006
07122006
08122006
09122006
10122006
11122006
12122006
13122006
14122006
15122006
16122006
17122006
18122006
19122006
20122006
21122006
22122006
23122006
24122006
25122006
26122006
27122006
28122006
29122006
30122006
31122006
01012007
02012007
03012007
04012007
05012007
06012007
07012007
08012007
09012007
10012007
11012007
12012007
13012007
14012007
15012007
16012007
17012007
18012007
19012007
20012007
21012007
22012007
23012007
24012007
25012007
26012007
27012007
28012007
29012007
30012007
31012007
01022007
02022007
03022007
04022007
05022007
06022007
07022007
08022007
09022007
10022007
11022007
12022007
13022007
14022007
15022007
16022007
17022007
18022007
19022007
20022007
21022007
22022007
23022007
24022007
25022007
26022007
27022007
28022007
29022007
30022007
31022007
01032007
02032007
03032007
04032007
05032007
06032007
07032007
08032007
09032007
10032007
11032007
12032007
13032007
14032007
15032007
16032007
17032007
18032007
19032007
20032007
21032007
22032007
23032007
24032007
25032007
26032007
27032007
28032007
29032007
30032007
31032007
01042007
02042007
03042007
04042007
05042007
06042007
07042007
08042007
09042007
10042007
11042007
12042007
13042007
14042007
15042007
16042007
17042007
18042007
19042007
20042007
21042007
22042007
23042007
24042007
25042007
26042007
27042007
28042007
29042007
30042007
31042007
01052007
02052007
03052007
04052007
05052007
06052007
07052007
08052007
09052007
10052007
11052007
12052007
13052007
14052007
15052007
16052007
17052007
18052007
19052007
20052007
21052007
22052007
23052007
24052007
25052007
26052007
27052007
28052007
29052007
30052007
31052007
01062007
02062007
03062007
04062007
05062007
06062007
07062007
08062007
09062007
10062007
11062007
12062007
13062007
14062007
15062007
16062007
17062007
18062007
19062007
20062007
21062007
22062007
23062007
24062007
25062007
26062007
27062007
28062007
29062007
30062007
31062007
01072007
02072007
03072007
04072007
05072007
06072007
07072007
08072007
09072007
10072007
11072007
12072007
13072007
14072007
15072007
16072007
17072007
18072007
19072007
20072007
21072007
22072007
23072007
24072007
25072007
26072007
27072007
28072007
29072007
30072007
31072007
01082007
02082007
03082007
04082007
05082007
06082007
07082007
08082007
09082007
10082007
11082007
12082007
13082007
14082007
15082007
16082007
17082007
18082007
19082007
20082007
21082007
22082007
23082007
24082007
25082007
26082007
27082007
28082007
29082007
30082007
31082007
01092007
02092007
03092007
04092007
05092007
06092007
07092007
08092007
09092007
10092007
11092007
12092007
13092007
14092007
15092007
16092007
17092007
18092007
19092007
20092007
21092007
22092007
23092007
24092007
25092007
26092007
27092007
28092007
29092007
30092007
31092007
01102007
02102007
03102007
04102007
05102007
06102007
07102007
08102007
09102007
10102007
11102007
12102007
13102007
14102007
15102007
16102007
17102007
18102007
19102007
20102007
21102007
22102007
23102007
24102007
25102007
26102007
27102007
28102007
29102007
30102007
31102007
01112007
02112007
03112007
04112007
05112007
06112007
07112007
08112007
09112007
10112007
11112007
12112007
13112007
14112007
15112007
16112007
17112007
18112007
19112007
20112007
21112007
22112007
23112007
24112007
25112007
26112007
27112007
28112007
29112007
30112007
31112007
01122007
02122007
03122007
04122007
05122007
06122007
07122007
08122007
09122007
10122007
11122007
12122007
13122007
14122007
15122007
16122007
17122007
18122007
19122007
20122007
21122007
22122007
23122007
24122007
25122007
26122007
27122007
28122007
29122007
30122007
31122007
01012008
02012008
03012008
04012008
05012008
06012008
07012008
08012008
09012008
10012008
11012008
12012008
13012008
14012008
15012008
16012008
17012008
18012008
19012008
20012008
21012008
22012008
23012008
24012008
25012008
26012008
27012008
28012008
29012008
30012008
31012008
01022008
02022008
03022008
04022008
05022008
06022008
07022008
08022008
09022008
10022008
11022008
12022008
13022008
14022008
15022008
16022008
17022008
18022008
19022008
20022008
21022008
22022008
23022008
24022008
25022008
26022008
27022008
28022008
29022008
30022008
31022008
01032008
02032008
03032008
04032008
05032008
06032008
07032008
08032008
09032008
10032008
11032008
12032008
13032008
14032008
15032008
16032008
17032008
18032008
19032008
20032008
21032008
22032008
23032008
24032008
25032008
26032008
27032008
28032008
29032008
30032008
31032008
01042008
02042008
03042008
04042008
05042008
06042008
07042008
08042008
09042008
10042008
11042008
12042008
13042008
14042008
15042008
16042008
17042008
18042008
19042008
20042008
21042008
22042008
23042008
24042008
25042008
26042008
27042008
28042008
29042008
30042008
31042008
01052008
02052008
03052008
04052008
05052008
06052008
07052008
08052008
09052008
10052008
11052008
12052008
13052008
14052008
15052008
16052008
17052008
18052008
19052008
20052008
21052008
22052008
23052008
24052008
25052008
26052008
27052008
28052008
29052008
30052008
31052008
01062008
02062008
03062008
04062008
05062008
06062008
07062008
08062008
09062008
10062008
11062008
12062008
13062008
14062008
15062008
16062008
17062008
18062008
19062008
20062008
21062008
22062008
23062008
24062008
25062008
26062008
27062008
28062008
29062008
30062008
31062008
01072008
02072008
03072008
04072008
05072008
06072008
07072008
08072008
09072008
10072008
11072008
12072008
13072008
14072008
15072008
16072008
17072008
18072008
19072008
20072008
21072008
22072008
23072008
24072008
25072008
26072008
27072008
28072008
29072008
30072008
31072008
01082008
02082008
03082008
04082008
05082008
06082008
07082008
08082008
09082008
10082008
11082008
12082008
13082008
14082008
15082008
16082008
17082008
18082008
19082008
20082008
21082008
22082008
23082008
24082008
25082008
26082008
27082008
28082008
29082008
30082008
31082008
01092008
02092008
03092008
04092008
05092008
06092008
07092008
08092008
09092008
10092008
11092008
12092008
13092008
14092008
15092008
16092008
17092008
18092008
19092008
20092008
21092008
22092008
23092008
24092008
25092008
26092008
27092008
28092008
29092008
30092008
31092008
01102008
02102008
03102008
04102008
05102008
06102008
07102008
08102008
09102008
10102008
11102008
12102008
13102008
14102008
15102008
16102008
17102008
18102008
19102008
20102008
21102008
22102008
23102008
24102008
25102008
26102008
27102008
28102008
29102008
30102008
31102008
01112008
02112008
03112008
04112008
05112008
06112008
07112008
08112008
09112008
10112008
11112008
12112008
13112008
14112008
15112008
16112008
17112008
18112008
19112008
20112008
21112008
22112008
23112008
24112008
25112008
26112008
27112008
28112008
29112008
30112008
31112008
01122008
02122008
03122008
04122008
05122008
06122008
07122008
08122008
09122008
10122008
11122008
12122008
13122008
14122008
15122008
16122008
17122008
18122008
19122008
20122008
21122008
22122008
23122008
24122008
25122008
26122008
27122008
28122008
29122008
30122008
31122008
01012009
02012009
03012009
04012009
05012009
06012009
07012009
08012009
09012009
10012009
11012009
12012009
13012009
14012009
15012009
16012009
17012009
18012009
19012009
20012009
21012009
22012009
23012009
24012009
25012009
26012009
27012009
28012009
29012009
30012009
31012009
01022009
02022009
03022009
04022009
05022009
06022009
07022009
08022009
09022009
10022009
11022009
12022009
13022009
14022009
15022009
16022009
17022009
18022009
19022009
20022009
21022009
22022009
23022009
24022009
25022009
26022009
27022009
28022009
29022009
30022009
31022009
01032009
02032009
03032009
04032009
05032009
06032009
07032009
08032009
09032009
10032009
11032009
12032009
13032009
14032009
15032009
16032009
17032009
18032009
19032009
20032009
21032009
22032009
23032009
24032009
25032009
26032009
27032009
28032009
29032009
30032009
31032009
01042009
02042009
03042009
04042009
05042009
06042009
07042009
08042009
09042009
10042009
11042009
12042009
13042009
14042009
15042009
16042009
17042009
18042009
19042009
20042009
21042009
22042009
23042009
24042009
25042009
26042009
27042009
28042009
29042009
30042009
31042009
01052009
02052009
03052009
04052009
05052009
06052009
07052009
08052009
09052009
10052009
11052009
12052009
13052009
14052009
15052009
16052009
17052009
18052009
19052009
20052009
21052009
22052009
23052009
24052009
25052009
26052009
27052009
28052009
29052009
30052009
31052009
01062009
02062009
03062009
04062009
05062009
06062009
07062009
08062009
09062009
10062009
11062009
12062009
13062009
14062009
15062009
16062009
17062009
18062009
19062009
20062009
21062009
22062009
23062009
24062009
25062009
26062009
27062009
28062009
29062009
30062009
31062009
01072009
02072009
03072009
04072009
05072009
06072009
07072009
08072009
09072009
10072009
11072009
12072009
13072009
14072009
15072009
16072009
17072009
18072009
19072009
20072009
21072009
22072009
23072009
24072009
25072009
26072009
27072009
28072009
29072009
30072009
31072009
01082009
02082009
03082009
04082009
05082009
06082009
07082009
08082009
09082009
10082009
11082009
12082009
13082009
14082009
15082009
16082009
17082009
18082009
19082009
20082009
21082009
22082009
23082009
24082009
25082009
26082009
27082009
28082009
29082009
30082009
31082009
01092009
02092009
03092009
04092009
05092009
06092009
07092009
08092009
09092009
10092009
11092009
12092009
13092009
14092009
15092009
16092009
17092009
18092009
19092009
20092009
21092009
22092009
23092009
24092009
25092009
26092009
27092009
28092009
29092009
30092009
31092009
01102009
02102009
03102009
04102009
05102009
06102009
07102009
08102009
09102009
10102009
11102009
12102009
13102009
14102009
15102009
16102009
17102009
18102009
19102009
20102009
21102009
22102009
23102009
24102009
25102009
26102009
27102009
28102009
29102009
30102009
31102009
01112009
02112009
03112009
04112009
05112009
06112009
07112009
08112009
09112009
10112009
11112009
12112009
13112009
14112009
15112009
16112009
17112009
18112009
19112009
20112009
21112009
22112009
23112009
24112009
25112009
26112009
27112009
28112009
29112009
30112009
31112009
01122009
02122009
03122009
04122009
05122009
06122009
07122009
08122009
09122009
10122009
11122009
12122009
13122009
14122009
15122009
16122009
17122009
18122009
19122009
20122009
21122009
22122009
23122009
24122009
25122009
26122009
27122009
28122009
29122009
30122009
31122009
01012010
02012010
03012010
04012010
05012010
06012010
07012010
08012010
09012010
10012010
11012010
12012010
13012010
14012010
15012010
16012010
17012010
18012010
19012010
20012010
21012010
22012010
23012010
24012010
25012010
26012010
27012010
28012010
29012010
30012010
31012010
01022010
02022010
03022010
04022010
05022010
06022010
07022010
08022010
09022010
10022010
11022010
12022010
13022010
14022010
15022010
16022010
17022010
18022010
19022010
20022010
21022010
22022010
23022010
24022010
25022010
26022010
27022010
28022010
29022010
30022010
31022010
01032010
02032010
03032010
04032010
05032010
06032010
07032010
08032010
09032010
10032010
11032010
12032010
13032010
14032010
15032010
16032010
17032010
18032010
19032010
20032010
21032010
22032010
23032010
24032010
25032010
26032010
27032010
28032010
29032010
30032010
31032010
01042010
02042010
03042010
04042010
05042010
06042010
07042010
08042010
09042010
10042010
11042010
12042010
13042010
14042010
15042010
16042010
17042010
18042010
19042010
20042010
21042010
22042010
23042010
24042010
25042010
26042010
27042010
28042010
29042010
30042010
31042010
01052010
02052010
03052010
04052010
05052010
06052010
07052010
08052010
09052010
10052010
11052010
12052010
13052010
14052010
15052010
16052010
17052010
18052010
19052010
20052010
21052010
22052010
23052010
24052010
25052010
26052010
27052010
28052010
29052010
30052010
31052010
01062010
02062010
03062010
04062010
05062010
06062010
07062010
08062010
09062010
10062010
11062010
12062010
13062010
14062010
15062010
16062010
17062010
18062010
19062010
20062010
21062010
22062010
23062010
24062010
25062010
26062010
27062010
28062010
29062010
30062010
31062010
01072010
02072010
03072010
04072010
05072010
06072010
07072010
08072010
09072010
10072010
11072010
12072010
13072010
14072010
15072010
16072010
17072010
18072010
19072010
20072010
21072010
22072010
23072010
24072010
25072010
26072010
27072010
28072010
29072010
30072010
31072010
01082010
02082010
03082010
04082010
05082010
06082010
07082010
08082010
09082010
10082010
11082010
12082010
13082010
14082010
15082010
16082010
17082010
18082010
19082010
20082010
21082010
22082010
23082010
24082010
25082010
26082010
27082010
28082010
29082010
30082010
31082010
01092010
02092010
03092010
04092010
05092010
06092010
07092010
08092010
09092010
10092010
11092010
12092010
13092010
14092010
15092010
16092010
17092010
18092010
19092010
20092010
21092010
22092010
23092010
24092010
25092010
26092010
27092010
28092010
29092010
30092010
31092010
01102010
02102010
03102010
04102010
05102010
06102010
07102010
08102010
09102010
10102010
11102010
12102010
13102010
14102010
15102010
16102010
17102010
18102010
19102010
20102010
21102010
22102010
23102010
24102010
25102010
26102010
27102010
28102010
29102010
30102010
31102010
01112010
02112010
03112010
04112010
05112010
06112010
07112010
08112010
09112010
10112010
11112010
12112010
13112010
14112010
15112010
16112010
17112010
18112010
19112010
20112010
21112010
22112010
23112010
24112010
25112010
26112010
27112010
28112010
29112010
30112010
31112010
01122010
02122010
03122010
04122010
05122010
06122010
07122010
08122010
09122010
10122010
11122010
12122010
13122010
14122010
15122010
16122010
17122010
18122010
19122010
20122010
21122010
22122010
23122010
24122010
25122010
26122010
27122010
28122010
29122010
30122010
31122010